These are the CsI ball positions for S1232
pos x y z
1 12.8039 0 91.1047
2 7.84014e-16 12.8039 91.1047
3 -12.8039 1.56803e-15 91.1047
4 -2.35204e-15 -12.8039 91.1047
5 17.2004 0 54.5526
6 8.60019 14.896 54.5526
7 -8.60019 14.896 54.5526
8 -17.2004 2.10644e-15 54.5526
9 -8.60019 -14.896 54.5526
10 8.60019 -14.896 54.5526
11 31.1534 0 47.972
12 26.9796 15.5767 47.972
13 15.5767 26.9796 47.972
14 1.90759e-15 31.1534 47.972
15 -15.5767 26.9796 47.972
16 -26.9796 15.5767 47.972
17 -31.1534 3.81519e-15 47.972
18 -26.9796 -15.5767 47.972
19 -15.5767 -26.9796 47.972
20 -5.72278e-15 -31.1534 47.972
21 15.5767 -26.9796 47.972
22 26.9796 -15.5767 47.972
23 42.8403 0 37.9019
24 39.5792 16.3943 37.9019
25 30.2926 30.2926 37.9019
26 16.3943 39.5792 37.9019
27 2.62321e-15 42.8403 37.9019
28 -16.3943 39.5792 37.9019
29 -30.2926 30.2926 37.9019
30 -39.5792 16.3943 37.9019
31 -42.8403 5.24642e-15 37.9019
32 -39.5792 -16.3943 37.9019
33 -30.2926 -30.2926 37.9019
34 -16.3943 -39.5792 37.9019
35 -7.86963e-15 -42.8403 37.9019
36 16.3943 -39.5792 37.9019
37 30.2926 -30.2926 37.9019
38 39.5792 -16.3943 37.9019
39 51.411 0 25.0748
40 48.8948 15.8869 25.0748
41 41.5924 30.2186 25.0748
42 30.2186 41.5924 25.0748
43 15.8869 48.8948 25.0748
44 3.14802e-15 51.411 25.0748
45 -15.8869 48.8948 25.0748
46 -30.2186 41.5924 25.0748
47 -41.5924 30.2186 25.0748
48 -48.8948 15.8869 25.0748
49 -51.411 6.29603e-15 25.0748
50 -48.8948 -15.8869 25.0748
51 -41.5924 -30.2186 25.0748
52 -30.2186 -41.5924 25.0748
53 -15.8869 -48.8948 25.0748
54 -9.44405e-15 -51.411 25.0748
55 15.8869 -48.8948 25.0748
56 30.2186 -41.5924 25.0748
57 41.5924 -30.2186 25.0748
58 48.8948 -15.8869 25.0748
59 56.2422 0 10.4239
60 52.8504 19.236 10.4239
61 43.084 36.1518 10.4239
62 28.1211 48.7072 10.4239
63 9.76635 55.3877 10.4239
64 -9.76635 55.3877 10.4239
65 -28.1211 48.7072 10.4239
66 -43.084 36.1518 10.4239
67 -52.8504 19.236 10.4239
68 -56.2422 6.88768e-15 10.4239
69 -52.8504 -19.236 10.4239
70 -43.084 -36.1518 10.4239
71 -28.1211 -48.7072 10.4239
72 -9.76635 -55.3877 10.4239
73 9.76635 -55.3877 10.4239
74 28.1211 -48.7072 10.4239
75 43.084 -36.1518 10.4239
76 52.8504 -19.236 10.4239
77 56.9823 0 -4.98531
78 53.5459 19.4891 -4.98531
79 43.651 36.6275 -4.98531
80 28.4912 49.3482 -4.98531
81 9.89488 56.1166 -4.98531
82 -9.89488 56.1166 -4.98531
83 -28.4912 49.3482 -4.98531
84 -43.651 36.6275 -4.98531
85 -53.5459 19.4891 -4.98531
86 -56.9823 6.97832e-15 -4.98531
87 -53.5459 -19.4891 -4.98531
88 -43.651 -36.6275 -4.98531
89 -28.4912 -49.3482 -4.98531
90 -9.89488 -56.1166 -4.98531
91 9.89488 -56.1166 -4.98531
92 28.4912 -49.3482 -4.98531
93 43.651 -36.6275 -4.98531
94 53.5459 -19.4891 -4.98531
95 53.0722 0 -21.3349
96 47.8164 23.0272 -21.3349
97 33.09 41.4935 -21.3349
98 11.8097 51.7416 -21.3349
99 -11.8097 51.7416 -21.3349
100 -33.09 41.4935 -21.3349
101 -47.8164 23.0272 -21.3349
102 -53.0722 6.49947e-15 -21.3349
103 -47.8164 -23.0272 -21.3349
104 -33.09 -41.4935 -21.3349
105 -11.8097 -51.7416 -21.3349
106 11.8097 -51.7416 -21.3349
107 33.09 -41.4935 -21.3349
108 47.8164 -23.0272 -21.3349
109 43.6891 0 -36.9202
110 37.8359 21.8446 -36.9202
111 21.8446 37.8359 -36.9202
112 2.67519e-15 43.6891 -36.9202
113 -21.8446 37.8359 -36.9202
114 -37.8359 21.8446 -36.9202
115 -43.6891 5.35038e-15 -36.9202
116 -37.8359 -21.8446 -36.9202
117 -21.8446 -37.8359 -36.9202
118 -8.02556e-15 -43.6891 -36.9202
119 21.8446 -37.8359 -36.9202
120 37.8359 -21.8446 -36.9202
121 29.8869 0 -48.771
122 21.1332 21.1332 -48.771
123 1.83005e-15 29.8869 -48.771
124 -21.1332 21.1332 -48.771
125 -29.8869 3.66009e-15 -48.771
126 -21.1332 -21.1332 -48.771
127 -5.49014e-15 -29.8869 -48.771
128 21.1332 -21.1332 -48.771
