This is energy calibration file for CSIARRAY
pos  	a0      a1
1       1520.29 1.9839
2       1541.92 1.8924
3       1494.9  1.7457
4       1497.13 1.7822
5       1474.21 1.7541
6       1446.86 1.6797
7       1523.11 1.8722
8       1527.1  1.9949
9       1609.03 2.0556
10      1530.15 1.7123
11      1657.69 1.774
12      1554.5  1.6742
13      1523.1  1.7129
14      1488.76 1.5503
15      1511.31 1.6071
16      1494.18 1.7428
17      1517.28 1.9789
18      1562.6  1.7997
19      1602.15 1.5876
20      1544.15 1.7174
21      1512.92 1.6754
22      1575.64 1.7154
23      1617.96 1.7595
24      1522.95 1.7327

