These are the Tigress positions for S1232
pos   col   	x	    y   	z
5 0 171.078656  101.765397  28.550000
5 1 171.078656  101.765397  -28.550000
5 2 192.929880  49.011876 -28.550000
5 3 192.929880  49.011876 28.550000
6 0 49.011876 192.929880  28.550000
6 1 49.011876 192.929880  -28.550000
6 2 101.765397  171.078656  -28.550000
6 3 101.765397  171.078656  28.550000
7 0 -101.765397 171.078656  28.550000
7 1 -101.765397 171.078656  -28.550000
7 2 -49.011876  192.929880  -28.550000
7 3 -49.011876  192.929880  28.550000
8 0 -192.929880 49.011876 28.550000
8 1 -192.929880 49.011876 -28.550000
8 2 -171.078656 101.765397  -28.550000
8 3 -171.078656 101.765397  28.550000
9 0 -171.078656 -101.765397 28.550000
9 1 -171.078656 -101.765397 -28.550000
9 2 -192.929880 -49.011876  -28.550000
9 3 -192.929880 -49.011876  28.550000
10  0 -49.011876  -192.929880 28.550000
10  1 -49.011876  -192.929880 -28.550000
10  2 -101.765397 -171.078656 -28.550000
10  3 -101.765397 -171.078656 28.550000
11  0 101.765397  -171.078656 28.550000
11  1 101.765397  -171.078656 -28.550000
11  2 49.011876 -192.929880 -28.550000
11  3 49.011876 -192.929880 28.550000
12  0 192.929880  -49.011876  28.550000
12  1 192.929880  -49.011876  -28.550000
12  2 171.078656  -101.765397 -28.550000
12  3 171.078656  -101.765397 28.550000
13  0 136.422026  87.410151 -119.112137
13  1 99.119654 71.959002 -159.487934
13  2 120.970878  19.205481 -159.487934
13  3 158.273250  34.656630 -119.112137
14  0 -87.410151  136.422026  -119.112137
14  1 -71.959002  99.119654 -159.487934
14  2 -19.205481  120.970878  -159.487934
14  3 -34.656630  158.273250  -119.112137
15  0 -136.422026 -87.410151  -119.112137
15  1 -99.119654  -71.959002  -159.487934
15  2 -120.970878 -19.205481  -159.487934
15  3 -158.273250 -34.656630  -119.112137
16  0 87.410151 -136.422026 -119.112137
16  1 71.959002 -99.119654  -159.487934
16  2 19.205481 -120.970878 -159.487934
16  3 34.656630 -158.273250 -119.112137
