This is a calibration file for TIGRESS cores for runs 40326-40329.
pos  	col	      a0       	     a1	     	      a2
1 0	-1.794961e-01     1.603842e-01    -8.063749e-09
1	1	-5.321780e-01  1.573281e-01  -7.678377e-09
1	2	-7.481617e-01     1.627222e-01    -9.909298e-09
1	3	4.729199e-01  1.569440e-01  -3.659420e-09
2	0	-5.780869e-02  1.623891e-01  -1.036041e-08
2	1	-6.793010e-01  1.611689e-01  -5.520160e-09
2	2	2.089318e-01  1.625978e-01  -4.167436e-10
2	3	-1.883184e-02  1.666442e-01  -9.667712e-09
3	0	-5.119581e-01  1.535390e-01  -1.485880e-08
3	1	6.396966e-02  1.616937e-01  2.326243e-09
3	2	-3.105467e-01  1.617814e-01  -1.976218e-08
3 	3	-5.711182e-01  1.578247e-01  -1.620098e-08
4 	0	-7.057965e-01  1.634723e-01  -1.035026e-08
4 	1	1.004601e-02  1.647826e-01  3.809407e-09
4 	2	-3.348816e-01  1.587166e-01  -6.773693e-09
4 	3	-1.788155e-01  1.526048e-01  -8.922239e-11
5	0	-2.522514e-01  1.580151e-01  -9.823798e-09
5	1	-8.593185e-03  1.610923e-01  -7.296840e-09
5	2	0       0          0
5	3	-1.099478e+00  1.610037e-01  -1.439437e-08
6	0	0		    0		       0
6	1	2.106035e-01  1.587070e-01  -6.260410e-09
6	2	-3.617402e-01  1.573663e-01  -1.096427e-08
6	3	0		    0		       0
7	0	-7.157517e-01  1.578591e-01  -2.177306e-08
7	1	-3.596270e-01  1.642487e-01  -8.002920e-09
7	2	2.861628e-01  1.606236e-01  -4.449618e-09
7	3	1.189325e-01  1.613894e-01  4.162280e-09
8	0	-2.205925e-01  1.604227e-01  7.275103e-09
8	1	-2.832254e-01  1.596545e-01  -9.832865e-09
8	2	4.269792e-03  1.592706e-01  -4.782737e-09
8	3	-6.624257e-01  1.637441e-01  -1.944967e-08
9	0	0		    0		       0
9	1	0		    0		       0
9	2	0		    0		       0
9	3	0		    0		       0
10	0	-1.594840e-01  1.619612e-01  -5.575339e-09
10	1	4.501547e-02  1.605773e-01  -4.768020e-09
10	2	-1.690226e-01  1.310896e-01  2.575207e-09
10	3	7.817396e-01  1.605782e-01  2.786949e-08
11	0	4.833892e-01  1.642024e-01  2.594921e-08
11	1	6.908951e-02  1.664523e-01  -8.822822e-10
11	2	-1.274703e+00  1.526245e-01  -1.012004e-08
11	3	1.521246e-02  1.568536e-01  -8.253042e-09
12	0	0		    0		       0
12	1	0		    0		       0
12	2	0		    0		       0
12	3	0		    0		       0
13	0	5.591388e-01  1.632971e-01  1.088392e-08
13	1	8.942767e-02  1.568469e-01  -2.288483e-09
13	2	-3.453915e-01  1.736731e-01  -1.365736e-08
13	3	5.207140e-01  1.535519e-01  2.188046e-08
14	0	-2.741618e-01  1.619401e-01  -1.903779e-08
14	1	8.684851e-02  1.636226e-01  -5.074064e-09
14	2	-9.661410e-03  1.649410e-01  -6.140257e-10
14	3	3.297329e-01  1.646798e-01  4.393871e-09
15	0	-8.523605e-01  1.590070e-01  -1.792228e-08
15	1	-4.981853e-02  1.596944e-01  -6.918959e-09
15	2	-3.357604e-01  1.649524e-01  3.001062e-09
15	3	2.188592e-01  1.552650e-01  3.680719e-09
16	0	4.121069e-02  1.674218e-01  1.563894e-08
16	1	0		    0		       0
16	2	4.450460e-01  1.702283e-01  3.084032e-08
16	3	9.068985e-02  1.669811e-01  -2.540790e-09
