This is a calibration file for TIGRESS cores for coinc trig test
pos	col	a0    	       a1      	     a2
1	0	-4.959083e-02     1.628513e-01     1.303177e-11
1	1	-7.628559e-01     1.607398e-01     9.553225e-09
1	2	-7.891462e-02     1.635707e-01     1.174212e-08
1	3	 1.966801e-02     1.658098e-01     3.055306e-09
2	0	 2.456415e-01     1.588819e-01     1.229605e-08
2	1	-3.035230e-01     1.646107e-01     6.192390e-09
2	2	-2.563996e-01     1.623016e-01     2.886930e-09
2	3	-2.889896e-01     1.600728e-01    -1.223963e-08
3	0	-5.976224e-01     1.588850e-01    -1.841001e-08
3	1	-2.562339e-01     1.562221e-01    -1.999803e-08
3	2	-1.152009e-01     1.624431e-01     4.872575e-09
3	3 	-3.554055e-01     1.553658e-01    -1.471526e-08
4	0	-6.851413e-01     1.611468e-01    -3.435019e-09
4	1	-5.997063e-01     1.604760e-01    -2.539596e-08
4	2	-3.912769e-01     1.306740e-01    -3.907850e-09
4	3	 1.423186e-01     1.623117e-01     1.140243e-08
5	0	-4.145656e-01     1.542289e-01     7.832698e-09
5	1	-3.338332e-01     1.583089e-01    -3.527403e-09
5	2	 6.474892e-02     1.625886e-01    -2.679357e-09
5	3	 2.513299e-01     1.604763e-01     1.084251e-08
6	0	-1.036535e-01     1.615704e-01    -8.157423e-09 
6	1	-2.803664e-01     1.606652e-01    -1.244822e-08
6	2	-2.715031e-01     1.621867e-01     9.373462e-09	
6	3	-2.607956e-01     1.597921e-01    -4.185943e-10
7	0	-1.104046e-01     1.502736e-01    -3.259886e-09
7	1	-5.348434e-01     1.435848e-01    -7.024925e-10
7	2	 4.893873e-03     1.450705e-01    -3.342773e-09
7	3	-9.331040e-02     1.461768e-01    -4.222709e-10
8	0	-2.266619e-01     1.585692e-01    -3.497276e-08
8	1	-1.375495e-01     1.570253e-01    -1.641805e-08
8	2	-1.985349e-01     1.587881e-01    -9.955919e-09
8	3	-4.440884e-02     1.609874e-01     6.367151e-09
9	0	-7.624608e-01     1.651587e-01    -1.634422e-08
9	1	-7.025946e-01     1.560792e-01     4.761146e-10
9	2	 1.501062e-01     1.734255e-01     1.982909e-08
9	3	-5.896015e-02     1.534428e-01     1.581594e-09
10	0	-2.239023e-01     1.508915e-01    -1.204775e-08
10	1	-3.354693e-02     1.541408e-01    -5.797629e-09
10	2	-2.998797e-01     1.515854e-01    -9.385734e-09
10	3 	 1.901069e-01     1.452639e-01    -8.046598e-09
11	0	 1.305172e-01     1.610782e-01     1.030707e-08
11	1	-3.984353e-02     1.655387e-01     1.159368e-09
11	2	-1.519078e-01     1.540677e-01    -7.011726e-09
11	3	-2.217551e-01     1.534997e-01     4.469399e-09
12	0	-5.192168e-01     1.610598e-01    -7.429795e-10
12	1	-1.706994e-02     1.609791e-01    -9.249060e-09
12	2	-9.347801e-01     1.642666e-01    -1.378244e-08
12	3	-1.115156e-01     1.633339e-01    -3.153297e-09
13	0	-2.261593e-01     1.538626e-01    -1.136955e-08
13	1	 2.469378e-01     1.585459e-01    -9.776559e-09
13	2	 6.857129e-02     1.542038e-01    -8.689899e-09
13	3	 2.363533e-01     1.543186e-01     2.580557e-08
14	0	-3.930137e-01     1.583980e-01    -2.495740e-09
14	1	 3.133020e-01     1.583083e-01     1.150065e-08
14	2	-4.035616e-01     1.561325e-01    -1.761146e-08
14	3	-4.765999e-02     1.587714e-01    -7.757434e-09
15	0	-6.366095e-01     1.583680e-01    -8.065750e-09
15	1	 3.044894e-01     1.568616e-01     2.001450e-09
15	2	-5.503667e-01     1.611360e-01    -1.424312e-08
15	3	-1.475843e-03     1.540978e-01    -6.366467e-09
16	0	 2.151877e-01     1.672880e-01     2.198288e-08
16	1	-3.869879e-01     1.547140e-01    -1.798821e-08
16	2	-2.536770e-01     1.685894e-01    -1.874736e-08
16	3	 4.924134e-02     1.640960e-01     1.135720e-08

