This is energy calibration file for CSIARRAY
pos  	a0      a1     a2     a3
1       0.001360 0.002582 1.147174 -0.262407684575483
2       0.001303 0.001453 1.396377 -0.173293171204446
3       0.001192 0.001304 1.410723 -0.190963575231107
4       0.001192 0.001304 1.410723 -0.103632623880953
5       0.001194 0.001310 1.410753 -0.203625119153842
6       0.001322 0.001846 1.262147 -0.836321554750635
7       0.001309 0.001796 1.251187 -0.206842530391263
8       0.001376 0.001929 1.277068 -0.236074251137214
9       0.001218 0.001965 1.070366 0.716548454950035
10      0.001252 0.001648 1.187461 -0.181524081155245
11      0.001284 0.001987 1.188329 -0.203348521967469
12      0.001159 0.001274 1.397577 -0.164915583731749
13      0.001172 0.001295 1.425761 -0.215819549665847
14      0.001133 0.001358 1.207218 -0.15538615495192
15      0.001173 0.001616 1.154690 -0.169581247602872
16      0.001285 0.001943 1.087669 -0.168805093894937
17      0.001389 0.001947 1.232592 -0.211322719073775
18      0.001231 0.001485 1.369300 -0.175605598075422
19      0.001132 0.001623 1.225705 -0.199205160266814
20      0.001148 0.001141 1.556274 -0.203825734260767
21      0.001186 0.001361 1.304836 -0.160211208451151
22      0.001186 0.001697 1.260250 -0.182775860407292
23      0.001234 0.001755 1.254193 -0.174392528357549
24      0.001221 0.001544 1.273457 -0.186878093185192
25      0.001221 0.001544 1.273457 -0.186878093185192
26      0.001221 0.001544 1.273457 -0.186878093185192
27      0.001221 0.001544 1.273457 -0.186878093185192
28      0.001221 0.001544 1.273457 -0.186878093185192
29      0.001221 0.001544 1.273457 -0.186878093185192
30      0.001221 0.001544 1.273457 -0.186878093185192
31      0.001221 0.001544 1.273457 -0.186878093185192
32      0.001221 0.001544 1.273457 -0.186878093185192
33      0.001221 0.001544 1.273457 -0.186878093185192
34      0.001221 0.001544 1.273457 -0.186878093185192
35      0.001221 0.001544 1.273457 -0.186878093185192
36      0.001221 0.001544 1.273457 -0.186878093185192
37      0.001221 0.001544 1.273457 -0.186878093185192
38      0.001221 0.001544 1.273457 -0.186878093185192


