This is a calibration file for TIGRESS cores for runs 26167-26170.
pos  	col	      a0       	     a1	     	      a2
5	0	-1.902843e+00  1.534835e-01  -1.347837e-08
5	1	-2.570444e-01  1.571676e-01  -1.352714e-09
5	2	-7.531269e-02  1.613604e-01  -2.498316e-09
5	3	-1.405071e-01  1.594695e-01  -6.153081e-09
6	0	-2.127528e-01  1.617461e-01  -4.443559e-09
6	1	-8.192784e-02  1.630885e-01  -4.234662e-09
6	2	7.410793e-02  1.300879e-01  -2.939585e-10
6	3	1.844091e-02  1.586717e-01  -9.068863e-09
7	0	-6.167251e-01  1.594501e-01  -9.048687e-09
7	1	-5.855527e-01  1.577717e-01  -6.386158e-09
7	2	2.436580e-01  1.570067e-01  3.125113e-10
7	3	3.825132e-02  1.615967e-01  -5.657614e-10
8	0	-3.607385e-01  1.549766e-01  -3.498247e-09
8	1	-2.764159e-01  1.547301e-01  -3.369769e-09
8	2	-5.789592e-01  1.588281e-01  -7.902469e-09
8	3	-4.880670e-01  1.525803e-01  -7.836978e-09
9	0	-1.857619e+00  1.645799e-01  -1.437286e-08
9	1	-9.292922e-01  1.605291e-01  -3.678679e-09
9	2	-2.007364e-01  1.616767e-01  -3.462365e-09
9	3	 0	       0	      0
10	0	-5.542548e-02  1.626248e-01  -7.349659e-09
10	1	-3.634080e-02  1.646925e-01  -3.460856e-09
10	2	-7.615357e-01  1.519813e-01  -7.611689e-09
10	3	-4.891385e-01  1.531524e-01  -9.785383e-09
11	0	-6.387538e-01  1.557419e-01  -1.101316e-08
11	1	-7.811352e-01  1.534759e-01  -7.242552e-09
11	2	-1.836898e-02  1.600711e-01  -9.458601e-10
11	3	5.699484e-03  1.535826e-01  -4.703176e-09
12	0	-2.830753e-01  1.626561e-01  -5.754046e-09
12	1	-4.818347e-01  1.540905e-01  -4.811946e-09
12	2	-6.557040e-01  1.663339e-01  -2.072682e-10
12	3	9.551758e-02  1.640211e-01  -3.498697e-10
13	0	-4.185820e-01  1.551597e-01  -2.516918e-09
13	1	1.494199e+00  1.615869e-01  1.351652e-08
13	2	2.581425e-02  1.612100e-01  -2.586836e-09
13	3	-7.868338e-01  1.588322e-01  -2.984534e-09
14	0	-1.312491e+00  1.640815e-01  -1.129262e-08
14	1	-9.498916e-01  1.559045e-01  -9.366871e-09
14	2	-3.781694e-01  1.739997e-01  -9.314670e-09
14	3	-9.562388e-02  1.523763e-01  -1.834348e-09
15	0	-8.520332e-01  1.583006e-01  -3.496896e-09
15	1	4.803579e-01  1.541956e-01  -1.181142e-10
15	2	-9.219819e-01  1.629866e-01  -2.567903e-09
15	3	-4.630835e-01  1.538715e-01  -1.455363e-08
16	0	-2.103566e-01  1.600739e-01  -4.741472e-09
16	1	-4.277315e-01  1.596770e-01  -3.314934e-09
16	2	 0	       0	      0
16	3	2.292499e-01  1.620932e-01  -9.380288e-10
