This is a calibration file for TIGRESS cores
pos	col	a0	a2
1	0	0	0.625
1	1	0	0.625
1	2	0	0.625
1	3	0	0.625
2	0	0	0.625
2	1	0	0.625
2	2	0	0.625
2	3	0	0.625
3	0	0	0.625
3	1	0	0.625
3	2	0	0.625
3	3	0	0.625
4	0	0	0.625
4	1	0	0.625
4	2	0	0.625
4	3	0	0.625
5	0	0	0.625
5	1	0	0.625
5	2	0	0.625
5	3	0	0.625
6	0	0	0.625
6	1	0	0.625
6	2	0	0.625
6	3	0	0.625
7	0	0	0.625
7	1	0	0.625
7	2	0	0.625
7	3	0	0.625
8	0	0	0.625
8	1	0	0.625
8	2	0	0.625
8	3	0	0.625
9	0	0	0.625
9	1	0	0.625
9	2	0	0.625
9	3	0	0.625
10	0	0	0.625
10	1	0	0.625
10	2	0	0.625
10	3	0	0.625
11	0	0	0.625
11	1	0	0.625
11	2	0	0.625
11	3	0	0.625
12	0	0	0.625
12	1	0	0.625
12	2	0	0.625
12	3	0	0.625
13	0	0	0.625
13	1	0	0.625
13	2	0	0.625
13	3	0	0.625
14	0	0	0.625
14	1	0	0.625
14	2	0	0.625
14	3	0	0.625
15	0	0	0.625
15	1	0	0.625
15	2	0	0.625
15	3	0	0.625
16	0	0	0.625
16	1	0	0.625
16	2	0	0.625
16	3	0	0.625
