This is time calibration file for CSIARRAY
pos      a0           a1 
 1       -1150            0.625
 2       -1150            0.625
 3       -1150            0.625
 4       -1150            0.625
 5       -1150            0.625
 6       -1150            0.625
 7       -1150            0.625
 8       -1150            0.625
 9       -1150            0.625
10       -1150            0.625
11       -1150            0.625
12       -1150            0.625
13       -1150            0.625
14       -1150            0.625
15       -1150            0.625
16       -1150            0.625
17       -1150            0.625
18       -1150            0.625
19       -1150            0.625
20       -1150            0.625
21       -1150            0.625
22       -1150            0.625
23       -1150            0.625
24       -1150            0.625
25       -1150            0.625
26       -1150            0.625
27       -1150            0.625
28       -1150            0.625
29       -1150            0.625
