This is energy limits file for CSIARRAY
pos      low          high
 1       0            32000
 2       0            32000
 3       0            32000
 4       0            32000
 5       0            32000
 6       0            32000
 7       0            32000
 8       0            32000
 9       0            32000
10       0            32000
11       0            32000
12       0            32000
13       0            32000
14       0            32000
15       0            32000
16       0            32000
17       0            32000
18       0            32000
19       0            32000
20       0            32000
21       0            32000
22       0            32000
23       0            32000
24       0            32000
25       0            32000
26       0            32000
27       0            32000
28       0            32000
29       0            32000
