This is energy calibration file for CSIARRAY
pos	g		b		a
1	0.001360	0.002582	1.147174
2	0.001303	0.001453	1.396377
3	0.001192	0.001304	1.410723
4	0.001322	0.001846	1.262147
5	0.001194	0.001310	1.410753
6	0.001322	0.001846	1.262147
7	0.001309	0.001796	1.251187
8	0.001376	0.001929	1.277068
9	0.001218	0.001965	1.070366
10	0.001252	0.001648	1.187461
11	0.001284	0.001987	1.188329
12	0.001159	0.001274	1.397577
13	0.001172	0.001295	1.425761
14	0.001133	0.001358	1.207218
15	0.001173	0.001616	1.154690
16	0.001285	0.001943	1.087669
17	0.001389	0.001947	1.232592
18	0.001231	0.001485	1.369300
19	0.001132	0.001623	1.225705
20	0.001148	0.001141	1.556274
21	0.001186	0.001361	1.304836
22	0.001186	0.001697	1.260250
23	0.001234	0.001755	1.254193
24	0.001221	0.001544	1.273457