This is a energy [keV] limit file for TIGRESS cores 
pos  col     low      high            
1    0	     0           30000
1    1	     0     	 30000
1    2	     0     	 30000
1    3	     0     	 30000
2    0	     0     	 30000
2    1	     0     	 30000
2    2	     0     	 30000
2    3	     0     	 30000
3    0	     0     	 30000
3    1	     0     	 30000
3    2	     0     	 30000
3    3	     0     	 30000
4    0	     0     	 30000
4    1	     0     	 30000
4    2	     0     	 30000
4    3	     0     	 30000
5    0	     0     	 30000
5    1	     0     	 30000
5    2	     0     	 30000
5    3	     0     	 30000
6    0	     0     	 30000
6    1	     0     	 30000
6    2	     0     	 30000
6    3	     0     	 30000
7    0	     0     	 30000
7    1	     0     	 30000
7    2	     0     	 30000
7    3	     0     	 30000
8    0	     0     	 30000
8    1	     0     	 30000
8    2	     0     	 30000
8    3	     0     	 30000
9    0	     0     	 30000
9    1	     0     	 30000
9    2	     0     	 30000
9    3	     0     	 30000
10   0	     0     	 30000
10   1	     0     	 30000
10   2	     0     	 30000
10   3	     0     	 30000
11   0	     0     	 30000
11   1	     0     	 30000
11   2	     0     	 30000
11   3	     0     	 30000
12   0	     0     	 30000
12   1	     0     	 30000
12   2	     0     	 30000
12   3	     0     	 30000
13   0	     0     	 30000
13   1	     0     	 30000
13   2	     0     	 30000
13   3	     0     	 30000
14   0	     0     	 30000
14   1	     0     	 30000
14   2	     0     	 30000
14   3	     0     	 30000
15   0	     0     	 30000
15   1	     0     	 30000
15   2	     0     	 30000
15   3	     0     	 30000
16   0	     0     	 30000
16   1	     0     	 30000
16   2	     0     	 30000
16   3	     0     	 30000
