This is a calibration file for TIGRESS cores for runs 27774_000
pos  	col	      a0       	     a1	     	      a2
 1   0   -2.955290e-01  1.574549e-01  -7.444128e-09
 1   1   -2.276392e-01  1.620673e-01  -1.343758e-08
 1   2   -1.600262e-01  1.592833e-01  -1.429021e-08
 1   3   -5.499490e-01  1.585952e-01  -2.100588e-08
 2   0   -3.848183e-01  1.578640e-01  -2.041637e-08
 2   1   -1.753304e+00  1.551271e-01  -4.227589e-08 
 2   2   -8.488085e-01  1.636864e-01  -1.069653e-08
 2   3   -6.418419e-01  1.539464e-01  -2.375899e-08
 3   0   -6.191534e-01  1.630637e-01  -1.389804e-08
 3   1   -3.038696e-01  1.550385e-01  -1.710585e-08
 3   2    3.180198e-01  1.718696e-01   3.345572e-09
 3   3    5.163195e-02  1.533043e-01  -1.073371e-08
 4   0    6.068399e-02  1.525525e-01  -5.772698e-09
 4   1   -6.838886e-01  1.590203e-01  -3.453366e-08
 4   2    3.258545e-01  1.612705e-01   5.526427e-08
 4   3    3.043340e-02  1.606881e-01   1.086086e-09
 5   0   -7.451002e-01  1.519020e-01  -2.940343e-08
 5   1   -4.800664e-01  1.548072e-01  -1.728278e-08
 5   2   -1.102833e-01  1.573984e-01  -1.351637e-08
 5   3   -9.102083e-02  1.548114e-01  -1.963160e-08
 6   0    4.450266e-02  1.618279e-01  -5.347770e-09
 6   1   -2.912268e-01  1.632943e-01  -2.001689e-08
 6   2   -2.997554e-01  1.300855e-01   6.329010e-09
 6   3    2.174533e-01  1.585828e-01  -2.204648e-09
 7   0   -2.562297e-01  1.564887e-01  -1.007012e-08
 7   1   -3.230985e-01  1.445979e-01   3.320893e-09
 7   2    3.850663e-02  1.447480e-01  -5.504523e-09
 7   3   -2.496973e-01  1.514000e-01  -4.614280e-09
 8   0   -1.761201e-01  1.551275e-01  -1.833277e-08
 8   1   -3.003137e-01  1.548526e-01  -2.303193e-08
 8   2   -2.016449e-01  1.587862e-01  -1.459252e-08
 8   3   -4.372648e-01  1.524547e-01  -1.176014e-08
 9   0    1.172160e-01  1.656905e-01  -8.647846e-09
 9   1    2.871740e-01  1.634490e-01   3.843878e-09
 9   2   -8.719526e-02  1.624514e-01  -6.830317e-09
 9   3   -1.104442e-01  1.639944e-01  -1.217010e-08
10   0   -2.308023e-01  1.628295e-01  -2.451002e-08 
10   1   -3.401360e-01  1.649513e-01  -2.314032e-08
10   2   -5.207325e-01  1.521009e-01  -2.434270e-08
10   3   -1.936687e-01  1.531333e-01  -5.972091e-09
11   0    3.491722e-01  1.551968e-01   1.917002e-08
11   1   -8.338806e-02  1.528606e-01  -2.298385e-09
11   2    4.703826e-02  1.593376e-01  -6.944157e-10
11   3    1.155133e-01  1.534835e-01   5.186898e-09
12   0    3.520956e-02  1.625811e-01   1.350053e-10
12   1    6.499995e-03  1.537356e-01  -2.914415e-09
12   2    1.683201e-01  1.660082e-01   8.410862e-08
12   3   -3.948118e-02  1.640596e-01  -5.640328e-09
13   0   -2.902759e-01  1.556686e-01  -1.111269e-08
13   1    1.693514e-01  1.572806e-01  -1.035679e-08
13   2   -3.855804e-01  1.560606e-01  -2.403825e-08
13   3    1.618355e+00  1.567696e-01   8.398352e-08
14   0   -3.543879e-02  1.594774e-01   5.203570e-08 
14   1    3.715564e-01  1.567937e-01  -5.704720e-10
14   2   -6.524378e-01  1.589319e-01  -3.298857e-08
14   3    1.518118e-01  1.601442e-01  -1.039012e-08
15   0   -4.683145e-01  1.649113e-01  -2.880559e-08
15   1    0.0		0.0	       0.0
15   2    3.038813e-01  1.619291e-01   5.021829e-09
15   3    4.652716e-02  1.638684e-01  -8.872618e-09
16   0   -4.422173e-01  1.598197e-01  -2.440688e-08
16   1   -2.375327e-01  1.612607e-01  -3.000398e-09
16   2    0.0		0.0	       0.0
16   3   -6.169950e-01  1.623731e-01  -1.861686e-08
