This is a ring map file for TIGRESS cores.
pos  col     ring          
 1    0       1             
 1    1       2           
 1    2       2           
 1    3       1    
 2    0       2             
 2    1       1           
 2    2       1           
 2    3       2            
 3    0       1             
 3    1       2           
 3    2       2           
 3    3       1    
 4    0       1             
 4    1       2           
 4    2       2           
 4    3       1            
 5    0       3             
 5    1       4        
 5    2       4           
 5    3       3  
 6    0       3             
 6    1       4        
 6    2       4           
 6    3       3                
 7    0       3             
 7    1       4           
 7    2       4           
 7    3       3  
 8    0       3             
 8    1       4        
 8    2       4           
 8    3       3
 9    0       3             
 9    1       4           
 9    2       4           
 9    3       3  
10    0       3             
10    1       4        
10    2       4           
10    3       3         
11    0       3             
11    1       4           
11    2       4           
11    3       3            
12    0       3             
12    1       4           
12    2       4           
12    3       3                        
13    0       5             
13    1       6           
13    2       6           
13    3       5     
14    0       5             
14    1       6           
14    2       6           
14    3       5             
15    0       5             
15    1       6           
15    2       6           
15    3       5            
16    0       5             
16    1       6           
16    2       6           
16    3       5            