This is time calibration file for CSIARRAY
pos      a0     a1 
1	-1050	0.625
2	-1050	0.625
3	-1050	0.625
4	-1050	0.625
5	-1050	0.625
6	-1050	0.625
7	-1050	0.625
8	-1050	0.625
9	-1050	0.625
10	-1050	0.625
11	-1050	0.625
12	-1050	0.625
13	-1050	0.625
14	-1050	0.625
15	-1050	0.625
16	-1050	0.625
17	-1050	0.625
18	-1050	0.625
19	-1050	0.625
20	-1050	0.625
21	-1050	0.625
22	-1050	0.625
23	-1050	0.625
24	-1050	0.625
25	-1050	0.625
26	-1050	0.625
27	-1050	0.625
28	-1050	0.625
29	-1050	0.625
30	-1050	0.625
31	-1050	0.625
32	-1050	0.625
33	-1050	0.625
34	-1050	0.625
35	-1050	0.625
36	-1050	0.625
37	-1050	0.625
38	-1050	0.625

