This is a calibration file for TIGRESS cores for run 39600.
pos  	col	      a       	     a1	     	      a2
1 	0	-1.07048957768E-02  1.62724939843E-01 -2.59195092705E-09
1	1	-4.35049264069E-01  1.62421344833E-01 -6.43636678134E-09
1	2	-6.37295515993E-01  1.63308968295E-01 -9.67244973595E-09
1	3	3.78740760787E-01  1.64921904277E-01 -5.76915029897E-09
2	0	8.00038788315E-02  1.63624179821E-01 -1.62655743115E-09
2	1	-5.37271460370E-01  1.62455482661E-01 -3.82271392716E-09
2	2	1.25976333003E-01  1.63879306157E-01 -6.37416568674E-09
2	3	-1.18425936054E-01  1.67933375092E-01 -8.83585976694E-09
3	0	-2.65673690287E-01  1.54327860426E-01 -7.19759193610E-11
3	1	-4.70101257365E-01  1.62461085219E-01 -2.17956688343E-08
3	2	-4.76374519094E-02  1.62395369308E-01 -3.08509728887E-09
3 	3	-5.52766130543E-01  1.58641519175E-01 -9.34941787191E-09
4 	0	8.99589810667E-01  1.64367730696E-01 -1.31352167379E-08
4 	1	-2.74190071767E-01  1.66038385805E-01 -2.09645445172E-09
4 	2	-4.52411360826E-01  1.59636398938E-01 -1.00663611186E-08
4 	3	-1.18801065569E-01  1.53364552464E-01  1.69401900948E-09
5	0	0		    0		       0
5	1	0		    0		       0
5	2	0		    0		       0
5	3	0		    0		       0
6	0	0		    0		       0
6	1	0		    0		       0
6	2	0		    0		       0
6	3	0		    0		       0
7	0	-3.09009999103E-01  1.57696545670E-01 -7.94095944879E-09
7	1	-5.07662106855E-01  1.64375537425E-01 -7.17011792304E-09
7	2	1.02628336125E-01    1.60766522317E-01 -9.04583018058E-09
7	3	-1.09798152427E-01  1.61501402742E-01 -4.71188076206E-09
8	0	-6.46187782750E-01  1.60816219459E-01 -2.57454047904E-08
8	1	-5.55892126444E-01  1.59749464037E-01 -1.85924665787E-08
8	2	-2.71510879646E-01  1.59476015452E-01 -1.87097531298E-08
8	3	-3.89661590827E-01  1.63709003142E-01 -4.31479396270E-09
9	0	-4.45257727108E-01  1.59633285482E-01 -7.71458329434E-09
9	1	-1.68956971937E-01  1.55989825141E-01 -2.75714058600E-08
9	2	-8.73795001308E-01  1.64374687393E-01 -1.64377513746E-08
9	3	-7.70933233449E-01  1.56652825303E-01 -1.94794793860E-08
10	0	0		    0		      0
10	1	0		    0		      0
10	2	0		    0		      0
10	3	0		    0		      0
11	0	-1.56780088341E-01  1.64590975783E-01 -4.25680257232E-09
11	1	-9.68819210135E-02  1.66616090945E-01 -7.37306273384E-09
11	2	-1.085492e+00  1.525699e-01  -2.981609e-09
11	3	-1.991961e-01  1.569786e-01  -1.482414e-08
12	0	-1.967073e-01  1.647916e-01  -3.676468e-09
12	1	1.581124e-01  1.572448e-01  6.953975e-09
12	2	-3.529819e-01  1.737348e-01  -6.577150e-09
12	3	7.472934e-02  1.542671e-01  1.039798e-08
13	0	6.496447e-02  1.576172e-01  -4.177841e-09
13	1	4.932718e-02  1.584132e-01  6.742444e-09
13	2	-3.631292e-01  1.561485e-01  3.044860e-09
13	3	-1.853431e-01  1.575673e-01  -1.145100e-08
14	0	-1.132779e-01  1.611269e-01  -1.532553e-08
14	1	-2.720951e-01  1.630201e-01  -2.221172e-08
14	2	-3.190790e-01  1.647704e-01  -1.376348e-08
14	3	9.346233e-02  1.646418e-01  -8.380696e-09
15	0	-1.314524e+00  1.617403e-01  -1.903425e-08
15	1	-2.204601e-01  1.637088e-01  -1.087926e-08
15	2	-2.331701e-01  1.313889e-01  2.036377e-09
15	3	6.393369e-02  1.582384e-01  -2.272000e-09
16	0	-6.768803e-02  1.664109e-01  -3.101255e-09
16	1	-5.400160e-01  1.549739e-01  -2.614123e-08
16	2	-1.458956e-01  1.689066e-01  -1.596422e-08
16	3	4.822910e-01  1.661984e-01  1.269660e-08
