This is a calibration file for TIGRESS segments.
pos     col     seg   a0            a1           a2
1       0       1     -1.153868E-07 3.225956E-01 3.440141E+00 
1       0       2     -2.353643E-06 3.627392E-01 -2.826063E+01 
1       0       3     -2.375855E-07 3.219959E-01 -4.610147E+00 
1       0       4     -2.453284E-07 3.331771E-01 -2.387194E+00 
1       0       5     -8.788872E-08 3.167235E-01 4.417296E+00 
1       0       6     5.004266E-07 2.996442E-01 1.891309E+01 
1       0       7     -1.557750E-08 3.304195E-01 8.884329E-01 
1       0       8     4.181848E-07 3.313881E-01 1.236798E+01 
1       1       1     -4.259524E-07 3.108398E-01 -6.489257E+00 
1       1       2     -9.377892E-08 3.184009E-01 -8.758035E-01 
1       1       3     2.380649E-07 3.239425E-01 -2.838062E+00 
1       1       4     1.783145E-07 3.163932E-01 3.752828E+00 
1       1       5     -3.404832E-07 3.145949E-01 3.732409E+00 
1       1       6     -4.893164E-07 3.261368E-01 -4.624070E+00 
1       1       7     -3.871952E-07 3.431928E-01 -9.193030E+00 
1       1       8     -4.640989E-07 3.286119E-01 -7.021541E+00 
1       2       1     -2.835388E-07 3.346015E-01 -8.566953E-01 
1       2       2     -6.405018E-08 3.456658E-01 -1.379248E+00 
1       2       3     1.347425E-06 3.138729E-01 1.812929E+01 
1       2       4     -2.016088E-06 3.396047E-01 -1.240504E+01 
1       2       5     -3.952727E-07 3.361429E-01 -4.139649E-01 
1       2       6     -5.479276E-07 3.351317E-01 -1.288027E+01 
1       2       7     -1.607973E-07 3.199609E-01 -6.784059E+00 
1       2       8     1.113258E-07 3.216827E-01 6.470893E+00 
1       3       1     -5.490530E-07 3.292073E-01 -3.193517E+00 
1       3       2     0 0 0
1       3       3     -3.925060E-08 3.167119E-01 -1.278667E+01 
1       3       4     -1.249254E-07 3.259801E-01 -7.287457E-02 
1       3       5     -3.618188E-07 3.235338E-01 1.420933E+00 
1       3       6     -1.018415E-07 3.288540E-01 6.599295E+00 
1       3       7     -3.174616E-07 3.289123E-01 -6.091348E+00 
1       3       8     1.158101E-07 3.304078E-01 6.913584E+00 
2       0       1     -2.856762E-07 3.139101E-01 6.360633E-02 
2       0       2     -1.820649E-07 3.086603E-01 1.316778E+00 
2       0       3     2.233957E-06 3.246960E-01 3.685206E+01 
2       0       4     -2.002487E-07 3.302737E-01 -5.196601E-01 
2       0       5     -8.088157E-07 3.364318E-01 -8.463418E+00 
2       0       6     -1.385922E-07 3.184095E-01 3.770874E+00 
2       0       7     -2.566889E-07 3.203671E-01 -6.542733E+00 
2       0       8     1.516568E-07 3.395149E-01 9.226415E+00 
2       1       1     1.436639E-07 3.231909E-01 1.277319E+00 
2       1       2     8.720834E-08 3.031063E-01 6.136356E+00 
2       1       3     2.106179E-06 3.142460E-01 2.230341E+01 
2       1       4     4.406088E-07 3.180187E-01 9.775046E+00 
2       1       5     -6.932302E-08 3.185373E-01 1.459353E+00 
2       1       6     -6.356479E-07 3.338694E-01 -2.615042E+00 
2       1       7     1.923424E-07 3.263471E-01 1.423287E+00 
2       1       8     -2.670328E-07 3.436699E-01 -4.873232E+00 
2       2       1     3.854714E-07 3.238482E-01 3.697690E+00 
2       2       2     -1.254948E-07 3.400896E-01 -2.304302E+00 
2       2       3     -4.118083E-07 3.466151E-01 -6.181263E+00 
2       2       4     -1.574418E-07 3.269948E-01 -3.581835E+00 
2       2       5     -8.350798E-08 3.556350E-01 7.342115E+00 
2       2       6     -2.320234E-07 3.248107E-01 -1.670258E+00 
2       2       7     -9.966042E-08 3.238578E-01 -7.503033E-01 
2       2       8     3.471947E-07 3.308963E-01 1.056963E+01 
2       3       1     -1.190163E-07 3.193014E-01 3.880469E+00 
2       3       2     -1.895785E-07 3.759941E-01 -1.105807E-01 
2       3       3     9.924362E-07 3.302680E-01 8.477185E+00 
2       3       4     5.756036E-07 3.257487E-01 8.273136E+00 
2       3       5     1.831591E-07 3.433387E-01 2.486987E+00 
2       3       6     -3.092499E-07 3.276887E-01 -2.522168E+00 
2       3       7     -3.329943E-07 3.363298E-01 -5.737461E+00 
2       3       8     -2.368601E-07 3.353011E-01 1.750016E+00 
3       0       1     5.543721E-07 2.970271E-01 2.166746E+01 
3       0       2     -4.130815E-08 3.369768E-01 1.050259E+00 
3       0       3     3.047895E-06 3.192619E-01 8.309265E+01 
3       0       4     -2.876580E-07 3.275114E-01 -4.485316E-01 
3       0       5     -4.495226E-07 3.365604E-01 2.362648E+00 
3       0       6     -7.159925E-07 3.459972E-01 -5.668415E+00 
3       0       7     -3.015303E-07 3.445681E-01 8.302256E+00 
3       0       8     -1.947381E-06 3.564995E-01 8.187503E-01 
3       1       1     -2.700012E-07 3.501616E-01 -2.422797E+01 
3       1       2     1.321480E-06 3.288116E-01 3.676647E+01 
3       1       3     -1.058870E-06 3.525352E-01 1.021512E+01 
3       1       4     1.604378E-06 3.187396E-01 5.212915E+01 
3       1       5     -2.955254E-07 3.325013E-01 1.205656E+01 
3       1       6     9.764621E-08 3.182219E-01 1.690420E+01 
3       1       7     -2.837052E-07 3.233795E-01 -1.521104E+00 
3       1       8     -5.057935E-07 3.372074E-01 1.102124E+00 
3       2       1     0 0 0
3       2       2     9.457703E-07 3.100073E-01 3.185704E+01 
3       2       3     -1.076452E-06 3.485776E-01 -1.540322E+01 
3       2       4     -3.089917E-07 3.244370E-01 4.535497E+00 
3       2       5     -3.307625E-08 3.371570E-01 2.977327E+01 
3       2       6     -4.035697E-07 3.279894E-01 -9.447233E+00 
3       2       7     0 0 0
3       2       8     -2.004465E-07 3.372994E-01 1.802077E+01 
3       3       1     6.321296E-06 2.849428E-01 1.044829E+02 
3       3       2     -7.796971E-07 3.290579E-01 -1.013317E+01 
3       3       3     -5.423251E-06 3.758285E-01 -1.337835E+01 
3       3       4     -4.571273E-07 3.129495E-01 -1.976410E+00 
3       3       5     -1.601329E-06 3.485869E-01 1.864849E+00 
3       3       6     -5.125295E-06 3.826418E-01 -6.591498E+00 
3       3       7     -4.584693E-07 3.272581E-01 6.841361E-02 
3       3       8     -9.126859E-07 3.370795E-01 -1.287093E+01 
4       0       1     -3.586508E-08 3.303690E-01 7.588222E+00 
4       0       2     -1.824741E-07 3.347056E-01 2.848221E+00 
4       0       3     -1.925371E-06 3.553385E-01 -3.469044E+01 
4       0       4     -2.942866E-07 3.169264E-01 -5.931566E-01 
4       0       5     -3.726338E-07 3.416419E-01 -7.083794E+00 
4       0       6     -3.204739E-07 3.362735E-01 -3.459632E+00 
4       0       7     -2.009109E-07 3.204759E-01 -4.123113E+00 
4       0       8     3.272203E-07 3.160670E-01 2.330448E+01 
4       1       1     -1.423829E-07 3.139122E-01 5.692956E-01 
4       1       2     -1.530565E-07 3.218015E-01 6.457506E-01 
4       1       3     -2.090913E-07 3.232364E-01 -2.985482E+00 
4       1       4     -1.154775E-07 3.312840E-01 -1.317876E+00 
4       1       5     -2.019264E-07 3.454225E-01 6.731501E+00 
4       1       6     -2.837781E-07 3.289020E-01 -1.151714E+00 
4       1       7     -2.370865E-07 3.246998E-01 -5.881857E+00 
4       1       8     -1.433878E-07 3.461985E-01 -4.894015E+00 
4       2       1     -1.575961E-07 3.163871E-01 -2.870832E-01 
4       2       2     3.748395E-07 3.323080E-01 7.698816E+00 
4       2       3     1.410357E-07 3.194133E-01 2.681771E+00 
4       2       4     2.563398E-07 3.349404E-01 2.640732E+00 
4       2       5     1.045538E-08 3.393526E-01 7.943849E+00 
4       2       6     -7.961956E-07 3.223883E-01 -1.321136E+01 
4       2       7     -2.612662E-07 3.288669E-01 -9.625004E+00 
4       2       8     -1.724695E-07 3.360209E-01 7.859447E-01 
4       3       1     3.959178E-07 3.130957E-01 1.218008E+01 
4       3       2     6.109563E-07 3.287860E-01 9.964550E+00 
4       3       3     -1.770790E-07 3.238411E-01 -6.306990E-01 
4       3       4     1.179824E-08 3.111141E-01 1.072193E+00 
4       3       5     -5.844658E-07 3.360887E-01 -3.253423E+00 
4       3       6     -2.335450E-07 3.286477E-01 -3.051302E+00 
4       3       7     1.264159E-07 3.295575E-01 6.364322E+00 
4       3       8     -2.048786E-07 3.313120E-01 8.293527E+00 
5       0       1     0 0 0
5       0       2     0 0 0
5       0       3     0 0 0
5       0       4     0 0 0
5       0       5     0 0 0
5       0       6     0 0 0
5       0       7     0 0 0
5       0       8     0 0 0
5       1       1     0 0 0
5       1       2     0 0 0
5       1       3     0 0 0
5       1       4     0 0 0
5       1       5     0 0 0
5       1       6     0 0 0
5       1       7     0 0 0
5       1       8     0 0 0
5       2       1     0 0 0
5       2       2     0 0 0
5       2       3     0 0 0
5       2       4     0 0 0
5       2       5     0 0 0
5       2       6     0 0 0
5       2       7     0 0 0
5       2       8     0 0 0
5       3       1     0 0 0
5       3       2     0 0 0
5       3       3     0 0 0
5       3       4     0 0 0
5       3       5     0 0 0
5       3       6     0 0 0
5       3       7     0 0 0
5       3       8     0 0 0
6       0       1     0 0 0
6       0       2     0 0 0
6       0       3     0 0 0
6       0       4     0 0 0
6       0       5     0 0 0
6       0       6     0 0 0
6       0       7     0 0 0
6       0       8     0 0 0
6       1       1     0 0 0
6       1       2     0 0 0
6       1       3     0 0 0
6       1       4     0 0 0
6       1       5     0 0 0
6       1       6     0 0 0
6       1       7     0 0 0
6       1       8     0 0 0
6       2       1     0 0 0
6       2       2     0 0 0
6       2       3     0 0 0
6       2       4     0 0 0
6       2       5     0 0 0
6       2       6     0 0 0
6       2       7     0 0 0
6       2       8     0 0 0
6       3       1     0 0 0
6       3       2     0 0 0
6       3       3     0 0 0
6       3       4     0 0 0
6       3       5     0 0 0
6       3       6     0 0 0
6       3       7     0 0 0
6       3       8     0 0 0
7       0       1     5.024577E-07 3.258262E-01 1.262133E+01 
7       0       2     -7.574981E-08 3.388514E-01 -3.605495E+00 
7       0       3     2.101408E-08 3.382209E-01 -9.494918E-01 
7       0       4     -3.133192E-07 3.356277E-01 -4.321586E+00 
7       0       5     -1.200986E-07 3.888362E-01 5.878514E+00 
7       0       6     -5.377598E-07 3.194454E-01 -6.621897E+00 
7       0       7     -1.419069E-07 3.328403E-01 -5.968346E+00 
7       0       8     -2.891258E-07 3.343299E-01 -5.794842E+00 
7       1       1     -1.509418E-07 3.227889E-01 -3.974229E+00 
7       1       2     2.917977E-07 3.244486E-01 4.800499E+00 
7       1       3     -3.773338E-07 3.399613E-01 -3.875251E+00 
7       1       4     -4.179526E-08 3.301779E-01 -1.545768E-01 
7       1       5     -3.253724E-07 3.317409E-01 1.953805E+00 
7       1       6     3.242594E-07 3.450720E-01 6.792180E+00 
7       1       7     -1.102472E-07 3.274231E-01 -2.056386E+00 
7       1       8     -2.004121E-07 3.212325E-01 -3.793151E+00 
7       2       1     -8.051179E-08 3.365756E-01 2.536797E+00 
7       2       2     -8.326718E-08 3.293198E-01 2.218211E-01 
7       2       3     -1.864950E-07 3.297254E-01 -4.331095E+00 
7       2       4     -2.772658E-07 3.276181E-01 -5.542029E+00 
7       2       5     -1.126662E-08 3.289867E-01 6.982863E+00 
7       2       6     3.301518E-07 3.088342E-01 9.201059E+00 
7       2       7     -1.633666E-07 3.751487E-01 -5.270075E+00 
7       2       8     8.494846E-08 3.332092E-01 2.671400E+00 
7       3       1     -3.945547E-08 3.199465E-01 1.089578E+00 
7       3       2     -5.729101E-08 3.635473E-01 -3.920087E+00 
7       3       3     -1.289455E-07 3.314440E-01 -2.431804E+00 
7       3       4     -2.792091E-07 3.183048E-01 -5.452182E+00 
7       3       5     -3.174184E-07 4.248459E-01 2.883589E+01 
7       3       6     -3.317217E-07 3.595898E-01 -5.243202E+00 
7       3       7     9.763824E-07 2.854549E-01 1.168663E+01 
7       3       8     -1.492771E-07 3.415132E-01 -7.653760E+00 
8       0       1     -4.734212E-07 3.173168E-01 -8.654420E+00 
8       0       2     -2.296784E-07 3.396751E-01 -3.143240E+00 
8       0       3     -7.197461E-08 3.266976E-01 3.293125E+00 
8       0       4     -5.800813E-08 3.187154E-01 -1.923673E-02 
8       0       5     -3.200407E-07 3.443400E-01 -4.501357E+00 
8       0       6     -6.280249E-07 3.318532E-01 -1.434072E+01 
8       0       7     -2.046276E-07 3.425124E-01 -5.276235E+00 
8       0       8     -8.021713E-08 3.396120E-01 2.569237E+00 
8       1       1     -2.204954E-07 3.086440E-01 -2.857236E+00 
8       1       2     -8.123230E-08 3.251563E-01 -1.360851E+00 
8       1       3     -1.011927E-06 2.575256E-01 -3.004908E+01 
8       1       4     -1.666683E-07 3.278900E-01 -4.497769E+00 
8       1       5     -4.849959E-07 3.437503E-01 -7.778640E+00 
8       1       6     -2.154613E-07 3.142200E-01 -3.373991E+00 
8       1       7     -1.228264E-07 3.200903E-01 -1.926495E+00 
8       1       8     1.084966E-06 3.321561E-01 1.455229E+01 
8       2       1     -2.351157E-07 3.164199E-01 -2.416197E+00 
8       2       2     2.973814E-07 3.281794E-01 5.890266E+00 
8       2       3     2.533503E-06 3.145247E-01 3.293526E+01 
8       2       4     3.750028E-07 3.277450E-01 -8.557499E+00 
8       2       5     -6.335684E-07 3.532985E-01 -2.497961E+01 
8       2       6     -1.960024E-07 3.396008E-01 -9.636407E+00 
8       2       7     -1.622438E-07 3.267366E-01 -4.606388E+00 
8       2       8     -2.738142E-07 3.448930E-01 -3.372069E+00 
8       3       1     -4.094003E-08 2.320672E-01 2.510549E+00 
8       3       2     5.787122E-09 3.248934E-01 1.080125E+00 
8       3       3     6.538568E-07 3.196934E-01 1.197471E+01 
8       3       4     7.472264E-08 3.140390E-01 6.625245E+00 
8       3       5     3.460179E-07 3.588791E-01 1.197028E+01 
8       3       6     8.239717E-07 3.208422E-01 2.356722E+01 
8       3       7     -1.109682E-04 1.264846E+00 -3.511734E+02 
8       3       8     -4.168737E-07 3.425444E-01 -3.186835E+00 
9       0       1     -2.538741E-07 3.360524E-01 -5.013305E-02 
9       0       2     1.329072E-07 3.481887E-01 5.482029E+00 
9       0       3     1.395186E-07 3.634900E-01 -1.213075E+00 
9       0       4     -1.070145E-07 3.236349E-01 -2.021462E+00 
9       0       5     -3.465341E-07 3.828584E-01 -4.175028E-01 
9       0       6     -1.915843E-08 3.299325E-01 1.196368E+00 
9       0       7     2.122673E-07 3.662553E-01 9.519258E-01 
9       0       8     -3.421195E-07 3.827132E-01 -5.265358E+00 
9       1       1     -3.720504E-07 3.740953E-01 -4.947849E+00 
9       1       2     -9.476817E-08 3.718763E-01 1.529269E+00 
9       1       3     -4.990999E-08 5.666304E-01 -2.569613E+00 
9       1       4     1.402407E-07 3.919980E-01 1.657026E+00 
9       1       5     1.059081E-06 3.422051E-01 7.057088E+00 
9       1       6     7.371531E-07 3.365100E-01 1.494613E+01 
9       1       7     -1.823959E-08 3.556789E-01 1.454648E+00 
9       1       8     8.844121E-07 3.963046E-01 1.736396E+01 
9       2       1     1.560946E-06 3.171082E-01 1.331367E+01 
9       2       2     7.279211E-07 3.514197E-01 1.109749E+01 
9       2       3     -1.069989E-07 3.349153E-01 8.399793E-01 
9       2       4     -1.388359E-07 3.297714E-01 1.160578E+00 
9       2       5     -2.430310E-06 2.936688E-01 -2.406987E+01 
9       2       6     4.884847E-07 3.512147E-01 -4.971645E+00 
9       2       7     3.530175E-07 3.645199E-01 -7.809283E-01 
9       2       8     7.697440E-07 3.408371E-01 4.163341E+00 
9       3       1     -2.027037E-07 3.260418E-01 -8.816040E-01 
9       3       2     -3.061648E-07 3.353501E-01 -6.132100E+00 
9       3       3     -9.379779E-07 3.621283E-01 -1.173563E+01 
9       3       4     -2.079205E-07 3.679983E-01 -5.293853E+00 
9       3       5     -6.757238E-08 3.078552E-01 3.873276E+00 
9       3       6     -1.793094E-08 3.173307E-01 2.070383E+00 
9       3       7     -7.031084E-08 3.523610E-01 -2.688001E+00 
9       3       8     -1.884312E-07 3.393248E-01 -3.251866E+00 
10       0       1     0 0 0
10       0       2     0 0 0
10       0       3     0 0 0
10       0       4     0 0 0
10       0       5     0 0 0
10       0       6     0 0 0
10       0       7     0 0 0
10       0       8     0 0 0
10       1       1     0 0 0
10       1       2     0 0 0
10       1       3     0 0 0
10       1       4     0 0 0
10       1       5     0 0 0
10       1       6     0 0 0
10       1       7     0 0 0
10       1       8     0 0 0
10       2       1     0 0 0
10       2       2     0 0 0
10       2       3     0 0 0
10       2       4     0 0 0
10       2       5     0 0 0
10       2       6     0 0 0
10       2       7     0 0 0
10       2       8     0 0 0
10       3       1     0 0 0
10       3       2     0 0 0
10       3       3     0 0 0
10       3       4     0 0 0
10       3       5     0 0 0
10       3       6     0 0 0
10       3       7     0 0 0
10       3       8     0 0 0
11       0       1     -1.691521E-07 3.218985E-01 -2.353756E+00 
11       0       2     1.366799E-06 3.080376E-01 2.055804E+01 
11       0       3     3.943588E-06 3.240018E-01 2.164720E+01 
11       0       4     -1.599373E-07 3.179706E-01 -4.172162E+00 
11       0       5     -2.080271E-07 3.580461E-01 -1.941039E+00 
11       0       6     -1.734083E-07 3.194583E-01 2.835331E+00 
11       0       7     -2.376517E-08 2.282930E-01 4.580724E-01 
11       0       8     -2.460751E-07 3.534909E-01 -6.327041E+00 
11       1       1     3.290840E-08 3.204514E-01 2.274022E-01 
11       1       2     7.020934E-08 2.226925E-01 3.285214E+00 
11       1       3     1.364979E-06 4.286882E-01 4.069715E+01 
11       1       4     -8.753865E-08 3.190204E-01 -1.054031E+00 
11       1       5     -2.097779E-07 3.573409E-01 -8.190393E-01 
11       1       6     6.943482E-07 3.203729E-01 2.264400E+01 
11       1       7     -1.746936E-07 3.325432E-01 -8.745058E+00 
11       1       8     -2.070280E-07 3.550387E-01 -4.688918E+00 
11       2       1     -1.485951E-07 3.092180E-01 -2.276492E+00 
11       2       2     -1.930923E-07 3.525427E-01 -6.192743E+00 
11       2       3     -1.849263E-07 3.380687E-01 -4.683727E+00 
11       2       4     -7.765631E-09 3.161421E-01 -4.669090E-01 
11       2       5     -2.777076E-07 3.201582E-01 -1.121654E+00 
11       2       6     -3.282046E-07 3.230425E-01 -2.973237E+00 
11       2       7     -1.442502E-07 3.349212E-01 -4.466043E+00 
11       2       8     2.097862E-08 3.533617E-01 2.569421E-01 
11       3       1     -1.082720E-07 3.323059E-01 1.702339E+00 
11       3       2     1.330651E-07 3.289576E-01 4.666124E+00 
11       3       3     -9.163176E-08 2.357955E-01 4.290574E+00 
11       3       4     1.466416E-07 3.158150E-01 4.456777E+00 
11       3       5     -1.789382E-07 2.343115E-01 -4.609713E+00 
11       3       6     -5.682540E-08 3.290491E-01 1.366596E+00 
11       3       7     -2.013937E-08 3.349472E-01 1.225955E+00 
11       3       8     -1.079806E-07 3.217850E-01 1.176096E+00 
12       0       1     -2.001600E-07 3.212126E-01 -4.080658E+00 
12       0       2     6.122894E-07 3.302905E-01 1.511005E+01 
12       0       3     -1.437849E-07 3.172854E-01 1.828044E+00 
12       0       4     2.951905E-06 3.352323E-01 2.629045E+01 
12       0       5     7.572544E-07 3.463345E-01 1.444441E+01 
12       0       6     6.385107E-08 2.912588E-01 6.245433E+00 
12       0       7     -1.263749E-08 3.369164E-01 -1.080709E-02 
12       0       8     -2.000474E-08 3.575047E-01 1.885459E+00 
12       1       1     -2.253419E-08 3.489788E-01 6.616749E-01 
12       1       2     -5.985409E-08 3.318619E-01 -1.512869E+00 
12       1       3     -7.751689E-08 3.652453E-01 -1.131558E+00 
12       1       4     -5.067294E-08 3.389769E-01 -2.162910E+00 
12       1       5     -1.243579E-07 3.355769E-01 -5.589067E-01 
12       1       6     -1.270331E-08 3.508828E-01 3.415626E+00 
12       1       7     -1.382794E-07 3.407324E-01 -3.838270E+00 
12       1       8     1.053629E-07 3.283027E-01 7.161603E-01 
12       2       1     -9.794927E-08 3.418199E-01 -2.042912E+00 
12       2       2     3.507469E-08 3.463674E-01 -6.437831E+00 
12       2       3     -1.283185E-07 3.313622E-01 -6.077225E-01 
12       2       4     -1.218091E-07 3.411602E-01 -2.417416E+00 
12       2       5     -1.516375E-07 3.229924E-01 -1.357650E+00 
12       2       6     -3.319039E-07 3.052187E-01 -1.605656E+00 
12       2       7     -5.009338E-08 3.198151E-01 -3.813515E-01 
12       2       8     -7.441046E-08 3.450274E-01 7.142151E-01 
12       3       1     5.279741E-07 3.116607E-01 1.363254E+01 
12       3       2     -4.885663E-07 3.466886E-01 -9.552671E+00 
12       3       3     4.215366E-08 3.291300E-01 5.374276E+00 
12       3       4     2.905749E-08 3.189719E-01 1.688144E+00 
12       3       5     -1.798919E-07 3.626278E-01 9.271029E-01 
12       3       6     2.945379E-07 3.390132E-01 9.737493E+00 
12       3       7     -8.333794E-07 3.443804E-01 -2.570802E+01 
12       3       8     -1.730567E-07 3.509717E-01 -6.194889E+00 
13       0       1     -2.065233E-07 3.308489E-01 -1.944608E+00 
13       0       2     4.631400E-07 3.277298E-01 1.026280E+01 
13       0       3     7.234252E-08 3.162097E-01 9.497064E-01 
13       0       4     -1.274162E-07 3.370589E-01 -7.621932E-01 
13       0       5     -1.903536E-07 3.360489E-01 -5.727755E+00 
13       0       6     -2.359761E-07 3.217048E-01 -3.116034E+00 
13       0       7     -1.088007E-07 3.317958E-01 -2.440466E+00 
13       0       8     -8.741363E-10 3.294624E-01 -1.716212E+00 
13       1       1     -2.166178E-07 3.197169E-01 -2.236320E+00 
13       1       2     -1.453909E-07 3.203653E-01 -1.070370E+00 
13       1       3     -1.112395E-07 3.232811E-01 -2.123514E+00 
13       1       4     4.866786E-09 3.129059E-01 -9.738667E-02 
13       1       5     1.956212E-08 3.271023E-01 4.219004E+00 
13       1       6     -1.811108E-08 3.149420E-01 2.267341E+00 
13       1       7     2.801916E-07 3.249662E-01 -2.928546E+00 
13       1       8     -2.765268E-07 3.435398E-01 -2.769529E-01 
13       2       1     3.779987E-08 3.191982E-01 5.194412E-01 
13       2       2     -9.061934E-08 3.405100E-01 -1.001237E+00 
13       2       3     2.375294E-07 3.150940E-01 3.042671E+00 
13       2       4     -8.476714E-08 3.200214E-01 -1.825492E+00 
13       2       5     -3.175248E-07 3.312344E-01 -4.115697E+00 
13       2       6     2.450733E-07 3.084084E-01 7.434790E+00 
13       2       7     2.198910E-08 3.198723E-01 -3.408058E-01 
13       2       8     -7.132614E-08 3.326195E-01 -1.553582E+00 
13       3       1     -6.901730E-08 3.232535E-01 1.944997E+00 
13       3       2     -1.762675E-07 3.249927E-01 -3.733484E+00 
13       3       3     -1.736177E-07 3.254088E-01 -1.930458E+00 
13       3       4     -9.370507E-08 3.357875E-01 1.937722E+00 
13       3       5     -4.705484E-07 3.490757E-01 -9.353457E-01 
13       3       6     -1.819342E-07 3.214908E-01 -2.981255E+00 
13       3       7     5.848873E-07 3.346676E-01 1.130853E+01 
13       3       8     -1.320621E-06 3.571799E-01 -2.489648E+01 
14       0       1     6.540878E-08 3.194211E-01 4.413699E+00 
14       0       2     1.292341E-07 3.273758E-01 5.421064E+00 
14       0       3     -3.510613E-07 3.269396E-01 -5.404913E+00 
14       0       4     -2.430661E-07 3.225184E-01 -1.637837E+00 
14       0       5     -4.032914E-08 3.306795E-01 3.174591E-01 
14       0       6     -9.967973E-08 3.240824E-01 2.041826E+00 
14       0       7     -7.882932E-08 3.332245E-01 -1.966403E+00 
14       0       8     -2.328149E-07 3.330916E-01 -4.255909E+00 
14       1       1     6.796614E-07 3.096165E-01 1.512509E+01 
14       1       2     -7.543386E-08 3.310149E-01 -6.137690E-01 
14       1       3     4.395976E-07 3.187497E-01 3.694504E+00 
14       1       4     1.702962E-07 3.170911E-01 2.660999E+00 
14       1       5     -5.389552E-08 3.311443E-01 7.046329E+00 
14       1       6     -3.018325E-07 3.367322E-01 -2.325651E+00 
14       1       7     -1.745648E-07 3.272036E-01 -2.406237E+00 
14       1       8     -2.830770E-07 3.362388E-01 -1.626421E+00 
14       2       1     -1.882068E-07 3.348955E-01 -3.071997E+00 
14       2       2     2.774338E-07 3.340037E-01 4.069574E+00 
14       2       3     -2.431208E-07 3.329077E-01 -4.132537E+00 
14       2       4     -8.530341E-08 3.317378E-01 -2.886889E+00 
14       2       5     -1.866221E-07 3.292301E-01 -2.114183E+00 
14       2       6     -4.069169E-07 3.260620E-01 -9.965825E+00 
14       2       7     -1.209586E-07 3.273327E-01 -2.617044E+00 
14       2       8     -2.899812E-07 3.324541E-01 -5.046964E+00 
14       3       1     -4.561199E-08 3.313850E-01 2.063915E+00 
14       3       2     -1.559665E-07 3.337373E-01 -7.937592E+00 
14       3       3     2.047152E-07 3.197023E-01 5.169362E-01 
14       3       4     3.540211E-07 7.835640E-01 -1.303647E+01 
14       3       5     -2.174000E-07 3.415002E-01 -4.358619E+00 
14       3       6     1.379957E-06 3.279247E-01 1.939117E+01 
14       3       7     7.815691E-08 3.185266E-01 3.304504E+00 
14       3       8     -4.404048E-07 3.353427E-01 -8.476196E+00 
15       0       1     -6.939152E-08 3.265728E-01 -2.100355E+00 
15       0       2     -2.074806E-08 3.369175E-01 -5.068659E-01 
15       0       3     -1.369687E-07 3.412518E-01 -1.104154E+01 
15       0       4     7.389520E-07 3.330741E-01 -3.739952E+00 
15       0       5     -3.452877E-07 3.459649E-01 -1.599326E+00 
15       0       6     -4.326947E-07 3.203950E-01 -7.795776E+00 
15       0       7     -1.851116E-07 3.250612E-01 -3.097732E+00 
15       0       8     -1.728603E-07 3.328779E-01 5.767062E-01 
15       1       1     -3.203228E-07 3.209442E-01 -4.927277E+00 
15       1       2     -8.616974E-08 3.295924E-01 -2.799746E-01 
15       1       3     -4.687876E-07 3.265370E-01 -8.957378E+00 
15       1       4     -2.588785E-07 3.233987E-01 -3.110035E+00 
15       1       5     -3.958799E-08 3.383171E-01 -1.219510E+00 
15       1       6     2.274638E-07 3.366983E-01 7.019800E+00 
15       1       7     -7.631169E-08 3.217404E-01 -5.500874E-01 
15       1       8     -1.111341E-07 3.372008E-01 -1.180794E+00 
15       2       1     3.586144E-07 3.050692E-01 8.830842E+00 
15       2       2     3.378673E-07 3.199925E-01 -4.095740E+00 
15       2       3     -2.646853E-07 3.236100E-01 -5.800452E+00 
15       2       4     1.450200E-07 3.107944E-01 3.801990E+00 
15       2       5     -2.677258E-07 3.393292E-01 -1.844093E+00 
15       2       6     -2.103947E-07 3.301715E-01 -3.767341E+00 
15       2       7     -2.442178E-08 3.260216E-01 -3.130234E-01 
15       2       8     -4.813255E-07 3.388578E-01 -8.052677E+00 
15       3       1     2.323050E-07 3.232315E-01 6.856351E+00 
15       3       2     -1.405329E-07 3.241415E-01 -2.004779E+00 
15       3       3     4.003588E-07 3.207769E-01 2.822329E+00 
15       3       4     -3.404601E-08 3.119965E-01 6.784363E-01 
15       3       5     -9.257244E-08 3.418503E-01 3.370478E+00 
15       3       6     -6.843443E-07 3.368583E-01 -1.754453E+01 
15       3       7     7.193755E-08 3.239763E-01 -1.001044E+00 
15       3       8     1.057886E-07 3.315153E-01 4.236349E+00 
16       0       1     -1.909572E-07 3.361094E-01 -1.866095E+00 
16       0       2     3.600424E-07 3.070218E-01 5.549031E+00 
16       0       3     2.431510E-07 3.251247E-01 -3.040556E-01 
16       0       4     3.174607E-07 3.276007E-01 5.907760E+00 
16       0       5     1.463744E-09 3.355712E-01 3.377138E+00 
16       0       6     -1.034543E-07 3.526649E-01 -2.400839E+01 
16       0       7     -1.206197E-07 3.313579E-01 -2.215140E+00 
16       0       8     -2.994742E-08 3.379788E-01 1.418835E+00 
16       1       1     -2.234542E-07 3.423495E-01 -2.423032E+00 
16       1       2     9.883266E-08 3.123993E-01 4.063596E+00 
16       1       3     -2.301097E-06 3.687788E-01 -2.347633E+01 
16       1       4     6.188443E-07 3.302581E-01 1.091811E+01 
16       1       5     -9.039617E-08 3.302101E-01 5.973123E+00 
16       1       6     -5.827930E-07 3.414443E-01 -1.233187E+01 
16       1       7     -1.738026E-07 3.323015E-01 -3.922647E+00 
16       1       8     -2.585511E-07 3.333409E-01 -2.445463E+00 
16       2       1     -3.130171E-08 3.341177E-01 9.261045E-01 
16       2       2     -1.182314E-07 3.367148E-01 -5.204745E+00 
16       2       3     -2.887332E-07 3.265604E-01 -5.831924E+00 
16       2       4     -1.014577E-07 3.393246E-01 -2.986771E+00 
16       2       5     -1.730469E-07 3.334719E-01 2.666395E+00 
16       2       6     -3.624727E-07 3.342516E-01 -2.086755E+00 
16       2       7     -9.972105E-08 3.390699E-01 -4.063427E+00 
16       2       8     7.316188E-08 3.339403E-01 2.888277E-02 
16       3       1     -3.410199E-07 3.448214E-01 -2.021814E+00 
16       3       2     -7.185432E-08 3.343262E-01 -1.393905E+00 
16       3       3     -1.740005E-07 3.487153E-01 -1.170045E+00 
16       3       4     -2.403854E-07 3.460977E-01 -3.672317E+00 
16       3       5     -4.122924E-07 3.470353E-01 4.658980E-01 
16       3       6     3.709706E-08 3.441204E-01 2.165427E+00 
16       3       7     -9.015274E-08 3.510174E-01 -4.045091E+00 
16       3       8     5.132099E-07 3.413281E-01 1.134699E+01 
