This is time limits file for CSIARRAY
pos      low          high
1	0	32000
2	0	32000
3	0	32000
4	0	32000
5	0	32000
6	0	32000
7	0	32000
8	0	32000
9	0	32000
10	0	32000
11	0	32000
12	0	32000
13	0	32000
14	0	32000
15	0	32000
16	0	32000
17	0	32000
18	0	32000
19	0	32000
20	0	32000
21	0	32000
22	0	32000
23	0	32000
24	0	32000
25	0	32000
26	0	32000
27	0	32000
28	0	32000
29	0	32000
30	0	32000
31	0	32000
32	0	32000
33	0	32000
34	0	32000
35	0	32000
36	0	32000
37	0	32000
38	0	32000
39	0	32000
40	0	32000
41	0	32000
42	0	32000
43	0	32000
44	0	32000
45	0	32000
46	0	32000
47	0	32000
48	0	32000
49	0	32000
50	0	32000
51	0	32000
52	0	32000
53	0	32000
54	0	32000
55	0	32000
56	0	32000
57	0	32000
58	0	32000
59	0	32000
60	0	32000
61	0	32000
62	0	32000
63	0	32000
64	0	32000
65	0	32000
66	0	32000
67	0	32000
68	0	32000
69	0	32000
70	0	32000
71	0	32000
72	0	32000
73	0	32000
74	0	32000
75	0	32000
76	0	32000
77	0	32000
78	0	32000
79	0	32000
80	0	32000
81	0	32000
82	0	32000
83	0	32000
84	0	32000
85	0	32000
86	0	32000
87	0	32000
88	0	32000
89	0	32000
90	0	32000
91	0	32000
92	0	32000
93	0	32000
94	0	32000
95	0	32000
96	0	32000
97	0	32000
98	0	32000
99	0	32000
100	0	32000
101	0	32000
102	0	32000
103	0	32000
104	0	32000
105	0	32000
106	0	32000
107	0	32000
108	0	32000
109	0	32000
110	0	32000
111	0	32000
112	0	32000
113	0	32000
114	0	32000
115	0	32000
116	0	32000
117	0	32000
118	0	32000
119	0	32000
120	0	32000
121	0	32000
122	0	32000
123	0	32000
124	0	32000
125	0	32000
126	0	32000
127	0	32000
128	0	32000
