This is a calibration file for TIGRESS cores for runs 44078-44082.
pos  	col	      a0       	     a1	     	      a2
1	0	-1.01512E+00	1.56121E-01	-3.30718E-08
1	1	-4.52052E-01	1.53052E-01	-1.87167E-08
1	2	-8.18089E-01	1.60469E-01	-3.37561E-08
1	3	-8.43600E-01	1.57327E-01	-3.42659E-08
2	0	-2.83650E-01	1.60219E-01	4.27909E-09
2	1	3.77472E-03	1.62358E-01	1.44272E-08
2	2	2.82238E-02	1.63387E-01	7.92536E-09
2	3	-1.71593E+00	1.65837E-01	-8.33372E-09
3	0	-1.03367E+00	1.61845E-01	-1.14687E-08
3	1	-1.32820E+00	1.58013E-01	-4.84005E-08
3	2	-1.30432E+00	1.65645E-01	3.86668E-09
3	3	-1.14691E+00	1.56549E-01	-2.01859E-08
4	0	-4.86273E-01	1.57526E-01	-1.04237E-08
4	1	1.42511E-01	1.59426E-01	1.41398E-08
4	2	-1.29044E+00	1.62928E-01	-3.79812E-08
4	3	-6.80677E-01	1.54024E-01	-1.14421E-08
5	0	-3.14398E-01	1.63897E-01	5.22910E-10
5	1	-9.58394E-01	1.56421E-01	-2.96081E-08
5	2	-3.02117E-02	1.72866E-01	-7.28781E-09
5	3	-5.82115E-01	1.53262E-01	-2.66967E-08
6	0	-1.0		0.0		0.0
6	1	-1.0		0.0		0.0
6	2	-1.0		0.0		0.0
6	3	-1.0		0.0		0.0
7	0	-9.97375E-01	1.64160E-01	-2.35414E-08
7	1	-6.75732E-01	1.61704E-01	2.96379E-08
7	2	-5.64336E-01	1.65207E-01	-1.73618E-08
7	3	1.94878E-01	1.65703E-01	1.82398E-08
8	0	-2.46294E-01	1.64112E-01	2.07360E-08
8	1	-8.66019E-01	1.67479E-01	2.80844E-10
8	2	4.34954E-02	1.53048E-01	-3.78730E-09
8	3	-1.65963E+00	1.54266E-01	-6.06869E-08
9	0	4.58800E-01	1.53935E-01	1.95975E-08
9	1	-7.85112E-01	1.61276E-01	1.00355E-08
9	2	-6.00006E-02	1.65531E-01	1.39432E-08
9	3	-1.33211E+00	1.59733E-01	-4.70497E-08
10	0	-1.0		0.0		0.0
10	1	-1.0		0.0		0.0
10	2	-1.0		0.0		0.0
10	3	-1.0		0.0		0.0
11	0	-1.12509E+00	1.60199E-01	-4.03777E-08
11	1	-1.06243E+00	1.63072E-01	-4.80119E-08
11	2	-9.55473E-01	1.60505E-01	-1.57156E-08
11	3	3.38862E-01	1.63692E-01	1.54870E-09
12	0	-1.21062E+00	1.60509E-01	-1.45230E-08
12	1	-1.13858E+00	1.59204E-01	-2.96866E-08
12	2	-1.24338E+00	1.58351E-01	-4.16534E-08
12	3	-1.17747E+00	1.62011E-01	-2.60062E-08
13	0	-7.05904E-02	1.60097E-01	3.07305E-09
13	1	-2.68953E-01	1.59889E-01	-9.68883E-09
13	2	4.76175E-01	1.29881E-01	1.09519E-08
13	3	-7.30106E-01	1.57784E-01	-2.21722E-08
14	0	-3.31367E-01	1.64266E-01	1.80244E-09
14	1	4.73155E-01	1.64652E-01	2.47971E-08
14	2	-7.92310E-01	1.59977E-01	1.14902E-09
14	3	-4.11264E-01	1.57067E-01	-6.54222E-09
15	0	-1.17303E-01	1.66582E-01	2.60911E-08
15	1	-1.09787E-01	1.55103E-01	-1.01757E-08
15	2	-2.43313E-01	1.68352E-01	1.46620E-08
15	3	-1.14257E-01	1.66036E-01	2.13642E-08
16	0	-1.98250E-01	1.55851E-01	-9.45912E-09
16	1	-6.96283E-01	1.63285E-01	-6.22538E-09
16	2	-3.10312E-01	1.62213E-01	-3.26673E-09
16	3	-7.02302E-01	1.61735E-01	4.33111E-09