This is energy calibration file for CSIARRAY
pos  	a0      a1
1	1520.29	1.9839
2	1541.92	1.8924
3	1494.9	1.7457
4	1497.13	1.7822
5	1474.21	1.7541
6	1446.86	1.6797
7	1523.11	1.8722
8	1527.1	1.9949
9	1609.03	2.0556
10	1530.15	1.7123
11	1657.69	1.774
12	1554.5	1.6742
13	1523.1	1.7129
14	1488.76	1.5503
15	1511.31	1.6071
16	1494.18	1.7428
17	1517.28	1.9789
18	1562.6	1.7997
19	1602.15	1.5876
20	1544.15	1.7174
21	1512.92	1.6754
22	1575.64	1.7154
23	1617.96	1.7595
24	1522.95	1.7327
25	1522.95	1.7327
26	1522.95	1.7327
27	1522.95	1.7327
28	1522.95	1.7327
29	1522.95	1.7327
30	1522.95	1.7327
31	1522.95	1.7327
32	1522.95	1.7327
33	1522.95	1.7327
34	1522.95	1.7327
35	1522.95	1.7327
36	1522.95	1.7327
37	1522.95	1.7327
38	1522.95	1.7327
39	1522.95	1.7327
40	1522.95	1.7327
41	1522.95	1.7327
42	1522.95	1.7327
43	1522.95	1.7327
44	1522.95	1.7327
45	1522.95	1.7327
46	1522.95	1.7327
47	1522.95	1.7327
48	1522.95	1.7327
49	1522.95	1.7327
50	1522.95	1.7327
51	1522.95	1.7327
52	1522.95	1.7327
53	1522.95	1.7327
54	1522.95	1.7327
55	1522.95	1.7327
56	1522.95	1.7327
57	1522.95	1.7327
58	1522.95	1.7327
59	1522.95	1.7327
60	1522.95	1.7327
61	1522.95	1.7327
62	1522.95	1.7327
63	1522.95	1.7327
64	1522.95	1.7327
65	1522.95	1.7327
66	1522.95	1.7327
67	1522.95	1.7327
68	1522.95	1.7327
69	1522.95	1.7327
70	1522.95	1.7327
71	1522.95	1.7327
72	1522.95	1.7327
73	1522.95	1.7327
74	1522.95	1.7327
75	1522.95	1.7327
76	1522.95	1.7327
77	1522.95	1.7327
78	1522.95	1.7327
79	1522.95	1.7327
80	1522.95	1.7327
81	1522.95	1.7327
82	1522.95	1.7327
83	1522.95	1.7327
84	1522.95	1.7327
85	1522.95	1.7327
86	1522.95	1.7327
87	1522.95	1.7327
88	1522.95	1.7327
89	1522.95	1.7327
90	1522.95	1.7327
91	1522.95	1.7327
92	1522.95	1.7327
93	1522.95	1.7327
94	1522.95	1.7327
95	1522.95	1.7327
96	1522.95	1.7327
97	1522.95	1.7327
98	1522.95	1.7327
99	1522.95	1.7327
100	1522.95	1.7327
101	1522.95	1.7327
102	1522.95	1.7327
103	1522.95	1.7327
104	1522.95	1.7327
105	1522.95	1.7327
106	1522.95	1.7327
107	1522.95	1.7327
108	1522.95	1.7327
109	1522.95	1.7327
110	1522.95	1.7327
111	1522.95	1.7327
112	1522.95	1.7327
113	1522.95	1.7327
114	1522.95	1.7327
115	1522.95	1.7327
116	1522.95	1.7327
117	1522.95	1.7327
118	1522.95	1.7327
119	1522.95	1.7327
120	1522.95	1.7327
121	1522.95	1.7327
122	1522.95	1.7327
123	1522.95	1.7327
124	1522.95	1.7327
125	1522.95	1.7327
126	1522.95	1.7327
127	1522.95	1.7327
128	1522.95	1.7327
