This is a ring map file for the CsI array.
pos  ring
1	0
2	0
3	0
4	0
5	1
6	1
7	1
8	1
9	1
10	1
11	2
12	2
13	2
14	2
15	2
16	2
17	2
18	2
19	2
20	2
21	2
22	2
23	3
24	3
25	3
26	3
27	3
28	3
29	3
30	3
31	3
32	3
33	3
34	3
35	3
36	3
37	3
38	3
39	4
40	4
41	4
42	4
43	4
44	4
45	4
46	4
47	4
48	4
49	4
50	4
51	4
52	4
53	4
54	4
55	4
56	4
57	4
58	4
59	5
60	5
61	5
62	5
63	5
64	5
65	5
66	5
67	5
68	5
69	5
70	5
71	5
72	5
73	5
74	5
75	5
76	5
77	6
78	6
79	6
80	6
81	6
82	6
83	6
84	6
85	6
86	6
87	6
88	6
89	6
90	6
91	6
92	6
93	6
94	6
95	7
96	7
97	7
98	7
99	7
100	7
101	7
102	7
103	7
104	7
105	7
106	7
107	7
108	7
109	8
110	8
111	8
112	8
113	8
114	8
115	8
116	8
117	8
118	8
119	8
120	8
121	9
122	9
123	9
124	9
125	9
126	9
127	9
128	9
