This is time calibration file for CSIARRAY
pos      a0     a1 
1	-1050	0.625
2	-1050	0.625
3	-1050	0.625
4	-1050	0.625
5	-1050	0.625
6	-1050	0.625
7	-1050	0.625
8	-1050	0.625
9	-1050	0.625
10	-1050	0.625
11	-1050	0.625
12	-1050	0.625
13	-1050	0.625
14	-1050	0.625
15	-1050	0.625
16	-1050	0.625
17	-1050	0.625
18	-1050	0.625
19	-1050	0.625
20	-1050	0.625
21	-1050	0.625
22	-1050	0.625
23	-1050	0.625
24	-1050	0.625
25	-1050	0.625
26	-1050	0.625
27	-1050	0.625
28	-1050	0.625
29	-1050	0.625
30	-1050	0.625
31	-1050	0.625
32	-1050	0.625
33	-1050	0.625
34	-1050	0.625
35	-1050	0.625
36	-1050	0.625
37	-1050	0.625
38	-1050	0.625
39	-1050	0.625
40	-1050	0.625
41	-1050	0.625
42	-1050	0.625
43	-1050	0.625
44	-1050	0.625
45	-1050	0.625
46	-1050	0.625
47	-1050	0.625
48	-1050	0.625
49	-1050	0.625
50	-1050	0.625
51	-1050	0.625
52	-1050	0.625
53	-1050	0.625
54	-1050	0.625
55	-1050	0.625
56	-1050	0.625
57	-1050	0.625
58	-1050	0.625
59	-1050	0.625
60	-1050	0.625
61	-1050	0.625
62	-1050	0.625
63	-1050	0.625
64	-1050	0.625
65	-1050	0.625
66	-1050	0.625
67	-1050	0.625
68	-1050	0.625
69	-1050	0.625
70	-1050	0.625
71	-1050	0.625
72	-1050	0.625
73	-1050	0.625
74	-1050	0.625
75	-1050	0.625
76	-1050	0.625
77	-1050	0.625
78	-1050	0.625
79	-1050	0.625
80	-1050	0.625
81	-1050	0.625
82	-1050	0.625
83	-1050	0.625
84	-1050	0.625
85	-1050	0.625
86	-1050	0.625
87	-1050	0.625
88	-1050	0.625
89	-1050	0.625
90	-1050	0.625
91	-1050	0.625
92	-1050	0.625
93	-1050	0.625
94	-1050	0.625
95	-1050	0.625
96	-1050	0.625
97	-1050	0.625
98	-1050	0.625
99	-1050	0.625
100	-1050	0.625
101	-1050	0.625
102	-1050	0.625
103	-1050	0.625
104	-1050	0.625
105	-1050	0.625
106	-1050	0.625
107	-1050	0.625
108	-1050	0.625
109	-1050	0.625
110	-1050	0.625
111	-1050	0.625
112	-1050	0.625
113	-1050	0.625
114	-1050	0.625
115	-1050	0.625
116	-1050	0.625
117	-1050	0.625
118	-1050	0.625
119	-1050	0.625
120	-1050	0.625
121	-1050	0.625
122	-1050	0.625
123	-1050	0.625
124	-1050	0.625
125	-1050	0.625
126	-1050	0.625
127	-1050	0.625
128	-1050	0.625

